sex,age,friends,postsOnTheWall,weeklyPostActivity,pages,occupation,relation,alcohol,smoking,lifeMain,peopleMain,political,followers,goodUser
1,0,763,1359,0.6664142353122028,105,work,0,0,0,0,0,0,305,1
1,0,49,2539,0.6934437162111331,213,work,0,0,0,5,5,0,2,1
1,0,86,723,0.3326359929554901,27,university,0,0,0,0,0,0,49,1
2,0,2707,3188,0.8493837390758252,148,work,0,0,0,0,0,0,1153,1
1,0,222,917,0.26164917466070176,17,university,0,0,0,0,0,0,64,1
2,0,58,191,0.05301919434978548,12,university,0,0,0,0,0,0,3,1
1,0,57,454,0.13300621324316353,14,university,0,0,0,0,0,0,266,1
2,0,116,383,0.12158401494121869,49,university,0,2,1,6,2,3,59,1
2,48,429,27978,7.701890299014958,234,work,7,2,2,1,5,8,358,1
1,0,260,3486,2.506941168938362,79,university,4,0,0,0,0,0,222,1
1,27,345,408,0.11497692447647014,126,work,0,0,0,0,0,0,202,1
1,42,555,50294,14.113823982711855,85,university,0,0,0,0,0,3,419,1
1,0,244,30,0.018905037168382526,273,work,0,0,0,0,0,0,688,1
1,35,372,499,0.18303717686653706,355,university,4,4,3,1,1,0,6782,1
1,34,196,2867,0.842680910709005,207,unknown,0,0,0,0,0,0,270,1
1,0,350,1294,0.6303989756061754,234,university,0,0,0,0,0,0,332,1
1,26,797,1704,0.5389917943396256,111,university,0,0,0,0,0,0,564,1
1,0,1229,271,0.09696908895763423,369,unknown,0,0,0,0,0,0,5017,1
1,0,546,8698,2.4777092623273433,411,work,0,0,0,0,0,0,780,1
1,0,107,3343,0.9568560249533274,39,work,4,0,0,0,0,0,406,1
1,25,57,855,0.32737125192222927,96,unknown,0,0,0,0,0,0,216,1
1,0,730,2778,1.2631036454512559,832,university,0,0,0,0,0,0,144,1
1,24,183,54,0.03879888478819352,112,unknown,4,0,0,0,0,0,269,1
1,0,243,881,0.5621487276660732,140,university,0,0,0,0,0,0,280,1
1,24,69,11620,3.3795899947321146,111,work,1,3,4,3,6,0,5281,1
1,0,918,838,0.44470063965517126,603,university,0,0,0,0,0,0,1523,1
1,43,50,221,0.13026209837447647,4,work,0,0,0,0,0,0,18,1
1,33,1783,517,0.15040769459431536,245,university,4,0,0,0,0,3,865,1
2,0,35,45,0.10222053607414776,6,university,0,0,0,0,0,0,1,1
2,0,115,25,0.015671961126745224,48,university,0,0,0,0,0,0,74,1
1,0,39,253,0.17561570843113428,2,university,0,0,0,0,0,0,17,1
1,0,47,3863,1.8635925531140143,107,university,0,0,0,0,0,0,33,1
1,0,171,222,0.07364987157925687,79,university,0,0,0,0,0,0,90,1
1,31,155,1159,0.3531179686903803,131,university,0,0,0,0,0,0,409,1
2,0,171,500,0.15405264968257362,242,work,0,0,0,0,0,0,808,1
2,23,50,119,0.062265075244596436,16,university,1,1,1,6,1,3,100,1
2,0,139,359,0.16301886449742228,48,university,0,0,0,0,0,0,13,1
1,31,587,1462,0.46137175763304067,513,work,0,0,0,0,0,0,38,1
1,33,514,563,2.401579724733084,416,unknown,0,0,0,0,0,0,44,1
2,23,125,827,0.25295926043827344,22,university,1,2,1,6,2,3,143,1
1,23,209,745,0.22981251489592505,227,university,0,0,0,0,0,0,233,1
1,0,118,224,0.10047489463935162,28,unknown,0,0,0,0,0,8,47,1
1,30,348,2099,0.677709559359301,276,work,0,0,0,0,0,0,242,1
1,0,225,608,0.28053533164059336,89,unknown,4,0,0,0,0,0,235,1
1,0,209,616,0.21199763183591777,213,work,0,0,0,0,0,0,367,1
1,30,56,44,0.033143631321251206,25,unknown,0,0,0,0,0,0,87,1
2,0,340,503,0.1559974590970525,56,university,0,0,0,0,0,6,138,1
1,0,128,282,0.14332872601082303,182,university,0,0,0,0,0,0,169,1
2,0,151,247,0.07702930518785628,36,work,4,0,0,6,1,0,105,1
1,0,322,1694,0.5281213250147845,88,university,4,0,0,0,0,0,283,1
1,42,125,153,0.05358569892907162,101,university,4,0,0,0,0,3,8,1
1,20,288,1862,0.588809365388092,483,university,7,3,3,0,2,0,1571,1
2,0,1484,5616,1.7603778499109168,147,university,0,0,0,0,0,0,59,1
1,0,81,1298,0.6093224423350743,280,unknown,0,0,0,0,0,0,31,1
2,25,476,13572,4.441839894118658,149,work,0,0,0,0,0,0,192,1
1,0,388,30245,12.1458851522126,728,university,0,0,0,0,0,0,44,1
1,0,1382,5843,1.849877685916738,314,unknown,0,0,0,0,0,0,524,1
1,0,92,7408,2.9359459669893413,50,university,0,0,0,0,0,0,187,1
2,0,235,8,0.027069523206300433,77,unknown,0,0,0,0,0,0,129,1
1,0,100,2,1.4596443806225452,276,university,0,0,0,0,0,0,453,1
1,0,1332,3249,1.4804270576742695,430,university,0,0,0,0,0,0,974,1
1,24,579,244,0.08926210148533904,50,university,0,0,0,0,0,0,181,1
2,29,5290,4992,1.6714609321475735,1005,work,0,0,0,0,0,0,180,1
2,0,185,60,0.03824721060968179,64,work,0,0,0,0,0,0,132,1
1,20,197,295,0.22662304552405124,115,university,7,0,0,0,0,0,302,1
1,0,239,1722,0.6213952674501881,64,unknown,0,0,0,0,0,0,237,1
1,34,230,7911,3.1062791020065994,355,work,0,0,0,0,0,0,85,1
1,0,346,1294,0.4645654028751583,238,unknown,0,0,0,0,0,0,35,1
1,0,216,4438,1.416001654164468,464,unknown,0,0,0,0,0,0,203,1
1,26,126,242,0.07957200333532008,100,university,0,0,0,0,0,0,72,1
1,0,1469,5741,1.8429721327554152,378,work,0,0,0,0,0,0,524,1
1,25,776,9061,2.9664026904201863,500,work,0,0,0,0,0,0,66,1
1,0,258,1173,0.3853122471568018,111,university,0,0,0,0,0,0,197,1
1,0,291,17,0.007026506327864553,22,unknown,0,0,0,0,0,0,487,1
1,0,944,1080,0.5635782143246058,36,university,0,0,0,0,0,0,199,1
1,0,32,454,0.564881400409793,21,unknown,0,0,0,0,0,0,284,1
1,0,557,1434,0.4742231510711739,97,work,0,0,0,0,0,0,499,1
1,34,392,526,0.2747064367517057,338,university,0,0,0,0,0,0,134,1
1,22,136,2997,0.9793433398761872,220,work,0,0,0,0,0,0,360,1
1,58,17,8872,5.32356019060373,38,university,0,0,0,0,0,0,21,1
2,0,150,26639,8.758303410459838,363,work,0,4,4,3,6,1,52,1
1,0,240,825,0.3379234571321861,100,university,0,0,0,0,0,0,149,1
2,0,170,13,0.020652831365825686,181,work,0,0,0,0,0,0,46,1
2,0,0,0,0,116,unknown,0,0,0,0,0,0,16,1
2,0,681,2029,0.7093769433393858,402,work,0,0,0,0,0,0,37,1
1,0,99,3323,1.278370104831868,115,unknown,0,0,0,0,0,0,286,1
1,0,672,3608,1.2551843801499762,354,university,0,0,0,0,0,0,126,1
1,116,258,1125,0.4800414921789512,159,unknown,0,0,0,0,0,0,49,1
2,23,139,11839,4.744695625446347,254,university,0,0,0,0,0,0,65,1
1,26,7,485,0.1653771323207441,54,unknown,0,0,0,0,0,0,10,1
1,0,174,26880,12.01891139092209,346,university,0,0,0,0,0,0,56,1
1,23,400,11,0.006480678423929284,258,work,0,0,0,0,0,0,344,1
1,0,783,1531,0.5276962648238797,27,work,0,0,0,0,0,4,31,1
1,59,136,3140,1.4183365503681165,67,unknown,0,0,0,0,0,0,43,1
1,30,227,431,0.15613658816858716,139,university,0,0,0,0,0,0,164,1
2,22,79,2,0.02211984681494047,21,unknown,0,0,0,0,0,0,76,1
2,24,666,337,0.11856363218494917,335,university,1,0,0,0,0,7,850,1
1,20,384,2760,1.0919054186383343,519,university,0,0,0,0,0,0,578,1
1,0,20,73,0.03783834851830638,149,unknown,0,0,0,0,0,0,103,1
1,28,151,735,0.29983696365101475,357,unknown,0,0,0,0,0,0,433,1
1,24,1111,12491,4.443018964277943,407,work,0,0,0,0,0,0,1111,1
1,30,682,1346,0.4862271086539251,82,university,0,0,0,0,0,0,289,1
2,31,160,1515,0.6014117213892937,354,university,0,0,0,0,0,0,34,1
2,0,529,7,0.01945105883002975,921,work,1,0,0,0,0,4,67,1
1,21,258,1787,0.6397634801746366,106,university,0,0,0,0,0,0,784,1
1,0,10,14043,5.728276830379284,100,unknown,0,5,1,6,2,0,73,1
1,0,331,4562,1.7374401192435958,272,university,0,0,0,0,0,0,235,1
1,29,339,2780,0.9856514408676845,248,work,4,5,5,8,1,0,458,1
1,0,80,4325,1.5841300689825308,112,university,4,0,0,0,0,3,7,1
1,0,129,1740,0.6249177549731553,163,work,0,0,0,0,0,0,12,1
1,0,915,1074,0.42732821440181495,159,unknown,0,0,0,0,0,0,216,1
1,46,40,71,0.060097849456297855,19,university,0,0,0,0,0,0,12,1
1,0,74,3534,1.3988039312352587,263,unknown,0,0,0,0,0,0,175,1
1,0,62,80,0.06875142088259159,108,university,0,0,0,0,0,0,148,1
1,19,7,1846,0.8959868016229336,27,unknown,0,0,0,0,0,0,4,1
1,0,347,264,0.10478777347343564,478,work,0,0,0,0,0,0,122,1
2,28,265,167,0.09454449163995339,83,work,0,0,0,0,0,0,111,1
1,0,77,3543,1.2985590078928275,119,university,0,0,0,0,0,0,30,1
1,0,17,1877,0.6745534076623145,99,university,0,0,0,0,0,0,1,1
1,25,191,1140,0.4213700803499815,219,university,0,0,0,0,0,0,171,1
1,20,289,136,0.09740349039452742,82,university,0,0,0,0,0,0,127,1
1,27,65,6020,2.333854469953353,142,university,0,0,0,0,0,0,71,1
1,29,170,11148,4.5257852381677734,90,unknown,0,0,0,0,0,0,90,1
1,0,146,933,0.37737129810283043,87,university,0,0,0,0,0,0,741,1
1,0,154,2649,1.139702678372702,185,university,0,0,0,0,0,0,308,1
1,0,67,9019,3.285973729081088,515,work,0,0,0,0,0,0,39,1
1,0,284,566,0.2588764373845476,83,university,0,0,0,0,0,0,30,1
1,0,201,867,0.31627515311756227,69,university,0,0,0,0,0,0,264,1
2,0,113,511,0.18665002820398002,110,unknown,0,3,0,1,2,3,42,1
1,0,1,52,0.0339373537207937,22,unknown,0,0,0,0,0,0,8,1
1,0,240,47,0.03258710379651396,72,school,0,4,2,1,2,3,203,1
2,24,69,2919,1.123388029139966,288,work,0,0,0,0,0,0,0,1
1,0,85,372,0.13652163651183088,167,work,1,0,0,0,0,3,11,1
2,32,96,2481,0.9127510489167999,514,university,0,0,0,0,0,0,119,1
1,23,100,1201,0.44438842252323973,305,unknown,0,0,0,0,0,0,268,1
2,0,335,35498,17.968857498381087,382,university,6,3,3,6,1,0,81,1
1,0,472,110,0.05512161589295383,193,university,0,0,0,0,0,0,395,1
1,0,37,3249,1.2084613578783205,166,unknown,0,0,0,0,0,0,15,1
1,0,360,1705,0.6306577388788073,87,work,0,0,0,0,0,0,349,1
1,0,175,2667,1.3130942419192742,247,university,0,0,0,0,0,0,111,1
1,0,242,719,0.3271448912735468,276,university,0,0,0,0,0,0,491,1
1,0,2027,4972,1.8568416965868484,72,work,0,0,0,0,0,0,0,1
1,27,306,20,0.09242256387787105,42,work,0,0,0,0,0,0,24,1
2,0,72,6256,5.070600953827778,361,unknown,0,0,0,0,0,0,14,1
1,0,695,3492,1.4783459094173566,549,unknown,0,0,0,0,0,0,1722,1
1,0,719,5662,2.1376930297650705,359,unknown,0,0,0,0,0,0,153,1
2,78,446,1411,0.6008179396521732,288,unknown,0,0,0,0,0,0,15,1
1,0,62,369,0.25012451268473634,96,work,0,0,0,0,0,0,53,1
2,0,84,514,0.4342008746904348,115,work,0,0,0,0,0,0,25,1
1,0,314,896,0.37219366613251587,86,unknown,0,0,0,0,0,0,141,1
1,0,2,168,0.1939650247727941,65,unknown,0,0,0,0,0,0,3,1
1,0,437,3315,5.051159176272503,156,work,1,0,0,0,0,0,0,1
1,37,204,597,0.2430396156863515,74,work,0,0,0,0,0,0,192,1
2,0,61,15,0.012316758869232962,122,unknown,0,0,0,0,0,0,270,1
1,0,687,127477,60.31301729619149,244,unknown,0,0,0,0,0,0,350,1
1,0,291,1777,0.7635935766265309,416,unknown,0,0,0,0,0,0,580,1
1,0,110,84,0.08091391608202547,112,university,0,0,0,0,0,0,318,1
1,0,80,20,0.01437425140346098,102,unknown,0,0,0,0,0,0,97,1
1,0,613,1182,0.5994962460601573,263,unknown,0,0,0,0,0,0,192,1
2,0,96,21,0.01994290047746342,229,school,0,0,0,0,0,0,73,1
1,0,60,1379,0.6831492265616577,429,unknown,0,0,0,0,0,0,1023,1
1,20,56,5341,2.1251068966359985,150,university,0,0,0,0,0,0,189,1
1,0,213,7,0.0037621676311046836,121,unknown,0,0,0,0,0,0,166,1
1,34,184,15023,5.966757459729369,833,unknown,0,0,0,0,0,0,151,1
1,0,331,286,0.15304818838379836,73,unknown,0,0,0,0,0,0,20,1
1,25,174,1448,0.9126914257356509,77,university,4,4,2,1,5,4,22,1
1,0,2102,1653,0.6871881779567717,543,work,0,0,0,0,0,0,1034,1
1,32,73,32903,13.23250796378367,2085,university,1,3,1,6,0,8,671,1
1,0,99,7,0.01711288291950084,125,university,0,0,0,0,0,0,224,1
2,28,196,1136,0.4549196361666302,120,work,0,0,0,0,0,0,80,1
1,0,420,5822,2.3741648830959523,992,unknown,0,3,3,6,2,0,1610,1
1,0,3,4524,2.1209475837921223,234,unknown,0,0,0,0,0,0,5,1
1,0,41,8,0.0033480813604696105,5,university,0,0,0,0,0,0,15,1
2,0,6,4,0.0034135207819807195,1,unknown,4,0,0,0,0,0,0,1
1,0,111,343,0.23278478762347052,37,unknown,0,0,0,0,0,0,10,1
1,0,155,3919,3.742143607762606,26,unknown,4,0,0,0,0,0,10,1
2,116,146,1090,0.44336260253395743,42,work,0,0,0,0,0,0,44,1
1,0,368,165,0.07067979285347174,142,university,0,0,0,0,0,0,127,1
1,0,182,1653,0.8288780886509756,205,university,0,0,0,0,0,0,53,1
1,27,177,42,0.030563455854963197,24,university,4,4,3,1,2,8,8,1
1,0,250,1113,0.47977879022235775,1024,school,0,0,0,0,0,0,732,1
1,0,144,402,0.16487950520426098,39,university,0,0,0,0,0,0,243,1
1,0,29,156,0.07169756648935406,9,work,0,0,0,0,0,0,82,1
1,0,146,281,0.11777094675284272,95,work,0,0,0,0,0,0,157,1
1,33,196,72,0.029979430779437436,59,university,0,0,0,0,0,0,144,1
1,0,482,320,0.20179274254824572,164,work,0,0,0,0,0,0,709,1
1,0,661,998,0.41087339830470976,112,work,0,0,0,0,0,0,673,1
1,0,31,8580,4.082945223442569,437,university,0,0,0,0,0,0,63,1
2,27,72,10690,8.801047561891442,18,unknown,0,0,0,0,0,0,105,1
1,0,276,1738,0.7182513424439458,148,unknown,0,0,0,0,0,0,9,1
2,0,1,53,0.025352756657185883,50,unknown,7,0,0,2,4,0,269,1
1,0,113,297,0.12322722501848433,3,university,0,0,0,0,0,0,30,1
2,19,198,56,0.02343598012335936,81,work,2,0,0,0,0,4,6,1
1,0,71,6640,2.8276122654424567,0,university,0,0,0,0,0,0,0,1
1,0,140,721,0.31796151016261887,162,university,0,0,0,0,0,0,125,1
1,0,75,80,0.04043991962776599,46,university,0,0,0,0,0,0,137,1
2,0,26,5662,2.4005177968423688,65,work,0,0,0,0,0,0,332,1
1,0,31,2487,1.052205775026907,72,work,0,0,0,0,0,0,240,1
1,0,147,5370,2.280716195261156,35,unknown,0,0,0,0,0,0,43,1
1,42,112,652,0.2880013752212907,88,unknown,0,0,0,0,0,0,35,1
1,0,213,64,0.05727619262475797,117,unknown,1,4,4,1,2,0,577,1
1,32,97,2620,1.1368930861709843,48,work,0,0,0,0,0,0,33,1
1,0,215,7,0.05041346879841398,120,unknown,0,0,0,0,0,0,238,1
1,44,185,29634,29.708833249975214,1258,unknown,4,2,1,1,2,0,76,1
1,34,3193,4962,2.1298078173402932,582,unknown,4,0,0,0,0,0,0,1
1,0,110,29,0.015293858340270888,8,unknown,0,0,0,0,0,0,93,1
1,47,143,1631,0.7001073920892331,742,unknown,0,0,0,0,0,0,83,1
1,36,65,146,0.07443124434160663,41,unknown,0,0,0,0,0,0,24,1
1,24,1100,2914,1.363407082435854,317,unknown,0,0,0,0,0,0,8,1
1,0,157,229,0.145461808599856,453,work,0,0,0,0,0,0,270,1
2,21,123,1208,0.5354003629610563,151,university,2,0,0,0,0,0,40,1
1,0,173,936,0.4061978360827706,289,unknown,0,0,0,0,0,0,234,1
1,21,191,131,0.08372448687591078,129,work,0,0,0,0,0,0,246,1
1,0,475,381,0.2030016285629034,115,university,0,0,0,0,0,0,193,1
1,34,76,1880,0.8188760859175,54,university,0,0,0,0,0,0,56,1
2,116,51,112405,49.18066582962878,1074,work,7,4,4,5,2,8,150,1
1,0,369,19,0.03453116466007911,378,university,0,0,0,0,0,0,3,1
1,0,156,1499,0.76925790402702,361,university,7,1,1,1,0,0,969,1
1,19,317,9,0.04027881267632664,48,school,0,0,0,0,0,0,587,1
1,14,51,15,0.008724352448571305,24,unknown,0,0,0,0,0,0,91,1
1,22,130,25,0.07511331417225145,229,unknown,0,0,0,0,0,0,353,1
1,0,188,319,0.14125060783947024,72,university,0,0,0,0,0,0,34,1
1,0,84,3625,1.6080418357035933,65,work,4,0,0,0,0,0,37,1
1,0,47,79,0.090916359945829,21,university,4,0,0,0,0,0,5,1
1,40,81,14272,6.334261294391252,123,work,1,3,1,4,2,0,177,1
1,0,93,1363,0.6054269602604655,70,unknown,0,0,0,0,0,0,11,1
1,24,413,3715,1.6544838752150832,396,work,7,1,1,4,2,3,164,1
1,0,119,905,0.4083332485598305,31,work,0,0,0,0,0,0,73,1
1,0,102,155,0.07407573347670572,52,university,0,0,0,0,0,0,32,1
1,0,112,191,0.13626952722573063,144,unknown,4,0,0,0,0,0,148,1
1,17,103,1569,12.13011569914268,633,work,0,0,0,0,0,0,214,1
1,0,813,13701,6.207137132985129,883,university,0,0,0,0,0,0,100,1
1,0,174,65,0.08224356701831453,72,university,0,0,0,0,0,0,13,1
1,31,164,2394,1.0918641656948802,306,unknown,1,2,2,6,3,3,107,1
2,101,72,714,0.36439972046006763,216,unknown,0,0,0,0,0,0,37,1
1,0,149,6144,5.968839231468501,724,school,0,0,0,0,0,0,59,1
1,0,105,5787,2.6600412488852294,303,work,0,3,1,6,2,3,30,1
1,20,115,11,0.06954518662645476,86,unknown,0,0,0,0,0,0,56,1
2,0,79,397,0.18356386508325637,45,unknown,0,0,0,0,0,0,68,1
2,18,16,6,0.021523775343269755,103,unknown,0,0,0,0,0,0,6,1
1,52,86,369,0.17110794093085704,53,university,0,2,2,0,0,0,35,1
1,0,75,1099,0.5422378009728994,41,unknown,1,0,0,0,0,0,402,1
1,0,6,199,0.0923648212964776,14,unknown,0,0,0,0,0,0,7,1
2,0,178,10441,4.9930897835964885,323,work,0,0,0,0,0,0,390,1
1,35,471,4026,1.874462561610628,158,unknown,4,3,3,1,2,0,20,1
2,0,0,3,0.0015013416590296817,53,unknown,0,0,0,0,0,0,29,1
1,0,82,430,0.20401414860525233,50,unknown,6,0,0,0,0,0,51,1
1,18,215,27714,13.232453759184303,165,university,0,0,0,0,0,0,356,1
1,0,256,2900,1.380498339735319,52,university,4,3,5,6,6,3,66,1
1,28,623,336,0.2028616997503592,1144,unknown,0,0,0,0,0,0,10,1
1,0,111,5343,2.5465906005391865,243,unknown,0,0,0,0,0,0,58,1
1,0,33,3488,5.346976044449691,943,unknown,0,0,0,0,0,0,195,1
1,0,6471,93672,44.82852991791968,626,work,0,0,0,0,0,0,3150,1
1,0,62,5782,3.471838621462302,720,unknown,0,0,0,0,0,0,174,1
2,16,173,0,0,83,unknown,0,0,0,0,0,0,399,1
1,0,86,5,0.12346765776137132,894,unknown,0,0,0,0,0,0,391,1
1,0,125,434,0.2149266432203565,244,school,0,1,1,6,6,0,116,1
1,0,16,1712,2.110547661583312,36,work,0,0,0,0,0,0,41,1
1,27,145,2,0.007865367127162367,103,unknown,0,0,0,0,0,0,134,1
1,29,27,22,0.05208120558127056,78,unknown,0,0,0,0,0,0,108,1
1,36,298,436,0.3345605693497885,50,unknown,0,2,2,1,1,1,1588,1
1,42,182,2736,1.3221661390586317,100,unknown,0,0,0,0,0,0,17,1
1,0,109,265,0.12829301011817543,32,unknown,0,0,0,0,0,0,23,1
1,0,128,188,0.25639336682553765,127,school,0,0,0,0,0,0,259,1
1,0,69,1,3.3086968176770193,222,unknown,0,0,0,0,0,0,45,1
1,18,231,4711,5.599956007169665,598,unknown,2,0,0,0,0,0,396,1
1,0,189,8724,4.25430800318123,296,university,4,2,1,1,6,3,19,1
1,0,28,23,0.011201373710497654,9,unknown,0,0,0,0,2,3,28,1
1,0,283,221,0.10768153551307084,3,unknown,4,0,0,0,0,0,106,1
1,20,152,12,0.012260753735275642,125,school,2,0,0,0,0,0,200,1
1,0,333,2,0.008560071615302851,41,unknown,0,0,0,0,0,0,95,1
1,0,181,5,0.009756487556074396,11,unknown,0,0,0,0,0,0,30,1
1,0,165,5,0.036423624970216104,252,unknown,0,0,0,0,0,0,55,1
2,0,144,72,0.16707006750723258,1356,unknown,0,0,0,0,0,0,58,1
1,33,165,27,0.01671407360104787,235,university,2,3,3,3,4,0,44,1
2,32,621,1140,0.5989425285832606,412,work,0,3,5,1,2,3,59,1
1,0,175,1150,2.1167010396248735,625,work,1,2,2,7,2,9,27,1
2,17,110,150,0.07516196795142402,252,school,1,0,0,0,0,0,7,1
2,18,311,200,0.6401730364007279,172,school,0,0,0,0,0,0,16,1
1,14,142,562,0.28620668425653106,73,school,0,0,0,0,0,0,6,1
1,20,70,248,0.12743932634441582,39,university,0,0,0,0,0,0,98,1
1,0,8,24,0.012459398724535149,6,university,0,1,1,1,2,8,5,1
1,0,154,1516,0.7910479317223515,138,work,0,0,0,0,0,0,89,1
2,116,180,158,0.11356389408223566,48,work,0,4,2,1,6,0,130,1
1,0,507,1270,0.7170311147904815,666,university,0,0,0,0,0,0,32,1
1,0,51,2112,1.1084065320378202,70,university,0,0,0,0,0,0,17,1
1,0,489,5055,2.6586306162835207,32,unknown,4,1,1,1,2,3,128,1
1,0,0,30,0.3355174327324439,51,unknown,0,0,0,0,0,0,0,1
1,23,231,111,0.06362595834012356,294,unknown,0,0,0,0,0,0,199,1
1,0,209,321,0.17137840597851503,77,work,0,2,4,1,2,3,54,1
2,0,862,8664,5.027953122394007,917,unknown,0,0,0,0,0,0,111,1
1,24,109,34,0.018131471164091185,17,university,1,4,2,1,6,4,50,1
2,42,2007,58039,33.01328219572614,2008,unknown,0,0,0,0,0,0,45,1
1,54,62,19,0.01017527682938969,21,unknown,6,0,0,0,0,0,13,1
1,0,332,8979,4.833200675357323,749,unknown,0,0,0,0,0,0,70,1
1,27,42,45,0.024252508434826563,8,university,0,0,0,0,0,0,66,1
1,0,84,1180,0.63768773546447,222,unknown,0,0,0,0,0,0,48,1
1,0,93,11197,6.13272761662612,605,school,0,0,0,0,0,0,244,1
1,14,128,4,1.2141140761350702,446,work,0,0,0,0,0,0,454,1
1,0,67,13205,7.3330231030347175,197,school,0,2,1,1,2,2,62,1
1,0,72,651,0.3545253181094557,29,university,2,0,0,1,2,0,87,1
1,18,246,502,0.35608322929907665,55,university,0,0,0,0,0,0,2,1
1,62,60,10616,5.88079275356305,214,university,0,0,0,0,0,0,27,1
1,57,89,100,0.05504551840700156,55,unknown,0,0,0,0,0,0,49,1
2,16,55,1,0.001575561810876344,128,unknown,0,0,0,0,0,0,46,1
1,57,71,9073,5.2249702279745085,17,work,1,1,2,6,2,3,88,1
1,0,396,1747,0.9723318931358156,442,unknown,0,0,0,0,0,0,8,1
1,0,97,114,0.06440412058212129,27,unknown,0,0,0,0,0,0,47,1
1,0,260,13668,10.718748409034264,143,university,0,0,0,0,0,0,1,1
1,0,37,36,0.020908525583732806,76,university,0,0,0,0,0,0,11,1
1,0,94,1017,0.579939631994073,197,unknown,0,0,0,0,0,0,30,1
1,17,199,3,0.013620061551958721,230,unknown,0,0,0,0,0,0,90,1
1,42,213,704,0.3965734824343641,18,university,0,0,0,0,0,0,202,1
1,28,39,1176,0.6641872471177281,118,university,0,0,0,0,0,0,28,1
1,14,414,6,0.005477858804321849,764,work,0,0,0,0,0,0,253,1
2,46,301,1,0.18081971604607555,375,school,2,0,0,0,0,0,109,1
1,0,624,20133,13.249758355405014,2124,university,0,0,0,0,0,0,643,1
1,0,50,637,0.3685082376523798,39,unknown,4,2,4,1,2,0,388,1
2,0,0,484,0.41165024046596993,599,unknown,1,0,0,0,0,0,5,1
1,15,217,1505,6.365942092309979,256,work,2,1,1,2,2,3,15,1
1,0,141,140,0.09672988842396095,407,unknown,0,0,0,0,0,0,83,1
1,21,61,708,0.41588927763835976,269,university,0,0,0,0,0,0,71,1
1,25,138,42208,24.416278255321416,3042,work,0,0,0,0,0,0,16,1
1,0,161,1,2.038793713719383,242,unknown,7,0,0,0,0,0,10,1
1,17,249,468,0.2818322792235575,1467,unknown,0,0,0,6,1,1,36,1
1,0,85,5,0.013879912730048712,72,university,0,0,0,0,0,0,137,1
1,0,34,306,0.1786100893122733,206,unknown,0,0,0,0,0,0,3,1
1,0,91,446,0.3231369210271676,111,school,1,0,0,1,2,0,4,1
1,0,2,4,0.007240017689441368,139,work,0,0,0,0,0,0,1,1
2,0,401,1220,0.7161409395371271,20,unknown,0,0,0,0,0,0,13,1
1,0,122,0,0,579,work,0,0,0,0,0,0,144,1
1,35,74,1640,0.9672091880449651,530,unknown,0,2,4,1,2,3,44,1
1,36,75,1851,1.093744052166932,124,unknown,0,0,0,0,0,0,130,1
1,0,14,1763,1.0421887649923014,29,unknown,0,0,0,0,0,0,9,1
1,14,23,609,0.3986185864764439,33,unknown,0,0,0,0,0,0,8,1
1,0,1331,823,0.48706247826763704,98,unknown,4,0,0,0,0,0,17,1
1,18,19,4,0.00244980360563881,13,unknown,0,0,0,0,0,0,1,1
1,114,71,4424,2.64802693473114,254,work,0,2,1,6,1,6,120,1
1,0,56,5466,3.3521915925409327,159,unknown,0,0,0,0,0,0,12,1
1,0,39,2401,2.837814312369859,67,university,4,0,0,0,0,0,11,1
1,0,202,700,0.42390083557667385,236,unknown,0,0,0,0,0,0,2,1
1,0,262,2061,1.2486151110599522,212,school,0,0,0,0,0,0,271,1
1,0,1199,140,0.08540592083465647,566,unknown,4,0,0,0,0,0,119,1
1,19,82,18,0.046589809857135955,56,university,0,0,0,1,0,0,119,1
1,0,112,411,0.24949398819003898,13,university,0,0,0,0,0,0,50,1
1,0,5,3430,2.1936311799765598,30,unknown,0,0,0,1,0,0,5,1
2,0,65,1462,1.04955230458261,163,university,0,0,0,0,0,0,4,1
1,0,102,856,0.5223476951852195,102,school,0,0,0,0,0,0,47,1
1,0,968,1629,1.3648708555188753,139,unknown,0,0,0,0,0,0,165,1
2,0,11,4,0.002458174159562275,48,unknown,0,0,0,0,0,0,136,1
1,15,183,517,0.31689157492277875,1721,work,2,0,0,0,1,0,94,1
1,14,181,2155,1.3250232257303014,534,work,0,0,0,0,0,0,21,1
1,16,5521,19,0.5118212117716385,1052,unknown,0,0,0,0,0,0,1592,1
2,0,5,2130,1.3145990304017812,28,unknown,1,0,0,0,0,0,0,1
1,0,139,3825,5.208523608301499,91,unknown,0,0,0,0,0,0,102,1
1,0,232,116,0.15975004626381997,31,unknown,0,0,0,0,0,0,11,1
1,69,23,12191,7.8537578005483955,107,unknown,4,0,0,0,0,0,3,1
1,0,24,990,1.025553125584649,235,university,0,0,0,0,0,0,12,1
1,0,435,187,0.13773280858106224,73,unknown,0,0,0,0,0,0,1500,1
1,16,162,2178,2.1897632357600263,60,unknown,5,0,0,0,0,0,93,1
1,0,146,3500,12.200625241697654,115,work,0,0,0,0,0,0,116,1
1,0,99,1848,1.179486198321594,364,unknown,0,0,0,0,0,0,215,1
1,0,123,11,0.023519377366058893,58,unknown,7,0,0,6,2,0,235,1
1,51,216,5410,3.4714296513805274,82,work,0,3,2,1,1,8,12,1
1,15,168,452,0.29133427132015416,405,work,0,2,2,4,1,0,121,1
2,14,59,547,0.3532479379743596,102,work,6,2,2,1,2,0,139,1
1,62,770,2580,1.6683260215839977,16,unknown,1,0,0,0,0,0,0,1
1,15,60,4449,2.884233493783623,140,school,0,0,0,0,0,0,43,1
2,0,70,35,0.04007451315032427,95,work,0,0,0,0,0,0,21,1
1,0,2,3145,2.0843649250095626,68,university,0,0,0,0,0,0,20,1
1,0,129,284,0.18470640649612288,272,work,0,0,0,0,0,0,65,1
1,0,78,82,0.05463939587436159,233,unknown,0,1,1,1,2,0,9,1
2,0,25,5,0.013950525237275184,75,unknown,0,0,0,0,0,0,18,1
1,0,200,12,0.1098078489735381,573,unknown,6,0,0,0,0,0,165,1
1,0,31,8,0.006685338414500034,131,school,0,0,0,0,0,0,93,1
2,0,50,236,0.1593031649058465,23,unknown,0,0,0,0,0,0,50,1
1,0,132,7422,11.82806777836273,179,unknown,0,0,0,0,0,0,30,1
1,0,45,256,0.17388218566850863,501,unknown,0,0,0,0,0,0,0,1
1,20,38,392,0.26621110545063875,275,university,0,0,0,0,0,0,188,1
1,20,2,91,0.061839645451440974,6,unknown,0,0,0,0,0,0,3,1
2,0,299,222,0.1515876995395356,36,unknown,0,0,0,0,0,0,19,1
1,0,42,9605,6.557725103958543,33,school,0,0,0,0,0,0,21,1
2,0,143,9999,6.860710620091347,372,unknown,6,0,0,0,0,0,1,1
1,26,175,182,0.22568909318074132,395,unknown,0,0,0,0,0,0,939,1
1,0,0,23280,16.05128271957149,56,unknown,0,0,0,0,0,0,47,1
2,0,120,5,0.08004073183909145,278,unknown,0,0,0,0,0,0,206,1
2,0,0,2918,3.229294661328127,71,unknown,0,0,0,0,0,0,0,1
2,14,294,165,0.11445009247408512,211,school,0,0,0,0,0,0,76,1
1,0,304,658,0.4641385850516698,395,work,0,0,0,0,0,0,102,1
2,0,156,546,0.38210234941057686,218,work,0,0,0,0,0,0,20,1
1,15,102,6,0.022680583316252164,168,unknown,0,0,0,0,0,0,19,1
1,0,223,419,0.31926240873158557,321,work,0,0,0,0,0,0,23,1
1,0,35,7183,6.68371021502021,807,unknown,0,0,0,0,0,0,42,1
1,61,168,330,0.2348402822511352,772,unknown,0,0,0,0,0,0,102,1
1,0,177,6710,4.798050508936284,380,school,0,2,2,0,2,0,100,1
1,16,69,247,0.1770780023671637,207,unknown,0,0,0,0,0,0,50,1
1,0,82,551,0.39539763872700207,152,unknown,0,0,0,0,0,0,14,1
1,0,34,1724,1.2489558641739367,314,university,0,0,0,0,0,0,15,1
1,0,1,0,0,128,unknown,0,0,0,0,0,0,2,1
1,0,123,3,0.4770221450905551,376,school,0,0,0,0,0,0,123,1
1,0,44,2573,1.8964681203924962,230,unknown,0,0,0,0,0,0,70,1
1,0,33,139,0.10155129633786303,2,unknown,0,0,0,0,0,0,2,1
2,14,140,853,0.6251322641974019,90,school,0,0,0,0,0,0,19,1
1,0,150,417,0.5137511435193723,554,school,0,0,0,0,0,0,648,1
1,0,81,5549,10.935644161468684,97,unknown,0,0,0,0,0,0,31,1
1,50,19,47,0.03517355857530457,28,unknown,0,0,0,0,0,0,4,1
1,0,73,82,0.06036644188869392,13,university,0,0,0,0,0,0,20,1
1,14,98,124,0.11446430101341869,152,unknown,0,0,0,0,0,0,25,1
2,22,30,11,0.011875095288768357,18,university,0,4,2,4,2,3,0,1
1,0,127,3227,2.395162317242708,375,unknown,0,0,0,0,0,0,0,1
1,0,24,516,0.38526855562133727,105,school,0,0,0,0,0,0,12,1
1,0,92,1258,0.9413298506447588,136,unknown,0,0,0,0,0,0,59,1
2,15,50,3,0.005219721371998125,71,school,6,0,0,1,2,0,31,1
1,0,58,10,0.10471390742490685,165,unknown,7,1,1,5,5,0,87,1
2,0,221,453,0.342564614354598,756,work,7,3,4,7,2,3,4,1
1,0,77,915,0.6944085652436532,105,work,0,0,0,0,0,0,52,1
1,38,34,98,0.07529451000473845,92,unknown,4,0,0,0,0,0,54,1
1,0,439,23,0.025093624715371663,168,work,0,0,0,0,0,0,83,1
1,104,16,46,0.07018163577352075,254,unknown,0,0,0,0,0,0,108,1
1,0,176,384,0.29439515202057526,87,work,0,0,0,0,0,0,8,1
1,18,14,72,0.05527191225498633,34,unknown,0,0,0,0,0,0,36,1
1,0,133,3316,2.5536476545700393,265,work,0,0,0,0,0,0,15,1
2,0,101,6614,5.327134431937227,261,work,0,0,0,0,0,0,23,1
1,0,203,71,0.05726853349227567,101,school,7,0,0,0,0,0,41,1
1,0,46,4,0.030697952048661943,1168,unknown,0,0,0,0,0,0,114,1
1,54,125,250,0.19589576070962803,337,unknown,0,0,0,0,0,0,49,1
1,14,46,190,0.3882598875834365,103,school,0,0,0,0,0,0,22,1
1,47,37,18,0.026849279054905376,31,unknown,0,0,0,0,0,0,11,1
1,0,84,25,0.052574363333587525,130,unknown,7,0,0,0,0,0,83,1
1,0,163,321,0.2511121311947889,30,unknown,0,0,0,0,0,0,54,1
1,0,33,17,0.024341180220769268,65,school,0,0,0,0,0,0,104,1
1,15,103,1246,1.122176499380217,750,unknown,0,0,0,0,0,0,52,1
1,0,4,4589,4.792029238309031,472,unknown,0,4,4,6,1,0,99,1
1,17,144,762,1.4141653761207602,133,unknown,0,0,0,0,0,0,0,1
1,14,70,1093,0.8672653691684219,263,unknown,0,0,0,0,0,0,24,1
1,0,443,180,0.17842560058594087,2411,unknown,6,1,1,1,2,3,73,1
1,14,94,627,0.5441666501928402,32,school,0,1,1,0,2,0,30,1
1,0,34,252,1.9821390091872206,149,unknown,7,4,1,0,0,0,85,1
2,0,88,57,0.13435517617993598,9,unknown,0,0,0,0,0,0,20,1
1,76,39,585,0.47157163553711373,19,unknown,0,0,0,0,0,0,0,1
1,0,40,57,0.053242491863216834,25,unknown,0,0,0,0,0,0,21,1
1,116,85,431,0.3513270747568868,126,unknown,0,0,0,0,0,0,48,1
1,0,95,600,0.5992046182863726,206,school,0,0,0,0,0,0,26,1
2,16,109,2626,2.156487372776727,83,school,0,2,2,4,1,0,1,1
2,0,139,375,0.3562579222030779,481,unknown,0,0,0,0,0,0,13,1
2,34,331,3070,2.5254150306923786,476,work,0,0,0,0,0,0,0,1
1,22,88,23,0.02043973047903139,23,university,2,0,0,0,0,0,54,1
1,0,71,5,0.037483909901522304,36,school,0,0,0,0,0,0,88,1
1,0,82,1823,1.7339886241014195,709,unknown,0,0,0,0,0,0,32,1
1,58,68,980,1.027843485143011,55,university,0,0,0,0,0,0,13,1
1,0,92,306,0.2623742499775668,72,unknown,0,0,0,0,0,0,72,1
1,0,54,420,0.34931926206652436,89,university,0,0,0,0,0,0,116,1
1,21,0,15,0.012503050030298671,18,unknown,0,0,0,0,0,0,18,1
1,0,20,698,0.8248046564415591,17,unknown,0,0,0,0,0,0,3,1
1,0,0,0,0,4,unknown,0,0,0,0,0,0,275,1
1,0,111,566,0.5898696061333585,142,unknown,0,0,0,0,0,0,141,1
1,0,788,10636,8.932199228187173,507,unknown,6,4,4,8,2,0,9,1
1,0,96,2,0.459222723020665,1230,school,0,0,0,0,0,0,217,1
1,0,8,914,0.7730917972302987,56,unknown,4,3,1,0,0,0,1,1
1,0,108,11,0.00941294314148539,101,unknown,0,0,0,0,0,0,74,1
1,37,128,142,0.14149329188731313,98,unknown,0,0,0,0,0,0,43,1
1,112,68,536,0.46749875476911995,154,work,0,0,0,0,0,0,100,1
1,15,69,65,0.07116405590717165,320,school,0,0,0,0,0,0,18,1
1,15,119,879,0.8391201357077849,321,school,0,0,0,0,0,0,9,1
1,0,0,1221,1.2183135059126566,154,unknown,0,0,0,0,0,0,33,1
2,0,37,0,0,80,school,0,0,0,0,0,0,18,1
1,0,123,15,0.47974182782376745,257,unknown,0,0,0,0,0,0,130,1
1,15,76,21,0.0966121581480966,110,school,0,0,0,0,0,0,39,1
1,15,165,397,0.3435396757437681,158,unknown,0,0,0,0,0,0,20,1
2,34,1043,2767,2.394726202848602,961,university,0,0,0,0,0,0,624,1
2,0,5,20,0.01747628330305274,794,unknown,0,0,0,0,0,0,9,1
1,0,4,1,0.003619171202254744,74,unknown,0,0,0,0,0,0,2,1
1,0,47,1079,0.9427583659065333,156,university,0,4,4,2,0,3,42,1
1,14,198,7,0.03735107970743878,245,school,0,0,0,0,0,0,17,1
1,38,113,217,0.19492076135453879,49,university,4,0,0,0,0,0,13,1
1,14,160,4158,3.6979760583999313,796,school,0,0,0,0,0,0,47,1
1,15,702,6823,6.120013652602638,53,school,0,0,0,0,0,0,1,1
2,14,68,669,0.7874300650677138,554,school,0,4,4,1,2,0,14,1
1,0,164,32,0.05906110151645915,62,university,0,0,0,0,0,0,100,1
1,15,206,12,0.01303598988106432,257,school,1,1,1,7,2,0,73,1
1,0,182,4673,5.706910547673565,140,work,0,0,0,0,0,0,33,1
1,0,144,9,0.1100508277446968,373,school,6,4,1,7,2,0,136,1
2,37,321,3344,3.0082776426224895,816,unknown,0,0,0,0,0,0,28,1
1,0,123,1472,1.3326848996192695,471,work,0,0,0,0,0,0,21,1
1,0,3,1,0.0009464432831210481,8,unknown,0,0,0,0,0,0,0,1
1,17,60,1402,1.2953045775805507,139,unknown,0,0,0,0,0,0,80,1
2,0,212,727,0.6606817382549491,712,unknown,0,0,0,0,0,0,8,1
1,0,64,47,0.04274782757757225,143,unknown,0,0,0,0,0,0,37,1
1,0,104,1506,1.3887546313513932,147,school,0,1,1,0,2,0,47,1
2,14,85,66,0.060261926332331336,46,school,0,2,2,0,0,0,29,1
1,0,75,58,0.05706039038202212,97,unknown,0,0,0,0,0,0,71,1
2,19,99,164,0.15110282153721954,187,school,0,0,0,0,0,0,10,1
1,0,37,7,0.037334695358330665,167,unknown,7,0,0,0,0,0,106,1
1,14,173,3982,3.8443147976567036,402,school,6,0,0,0,0,0,44,1
2,0,109,1087,1.4639272649017856,206,school,0,0,0,0,0,0,42,1
1,0,229,248,0.41715949219195575,35,unknown,0,0,0,0,0,0,38,1
1,0,259,2116,2.050591380121071,258,work,1,2,2,2,1,0,414,1
1,0,51,2497,2.3495957194345234,22,unknown,0,0,0,0,0,0,5,1
2,0,29,126,0.1402179328565996,76,unknown,0,0,0,0,0,0,119,1
1,0,36,787,0.7393309683632131,136,unknown,0,0,0,0,0,0,28,1
1,0,133,1378,1.3084229728879664,143,unknown,0,0,0,0,0,0,14,1
1,0,101,284,0.2687940676013531,212,unknown,0,0,0,0,0,0,30,1
2,0,0,4225,3.9988596721005174,66,unknown,0,0,0,0,0,0,10,1
1,0,51,1715,1.65149302097747,52,school,0,0,0,0,0,0,74,1
1,15,39,247,0.23562865909088201,149,unknown,0,1,1,0,1,0,41,1
2,18,146,2302,2.7962700540522123,134,unknown,0,0,0,0,0,0,57,1
1,0,149,361,0.47578234111106216,265,work,7,1,1,1,2,0,38,1
1,0,100,222,0.21274665326204217,119,school,0,0,0,0,0,0,68,1
2,16,22,2715,2.6243183793487033,226,unknown,0,1,1,0,2,0,8,1
2,16,40,2490,2.402494826315346,237,unknown,0,0,0,0,0,0,11,1
1,14,6,1014,0.9841266200321895,44,unknown,0,0,0,0,0,0,37,1
2,35,107,12097,11.724805547168879,103,unknown,6,2,5,0,2,0,0,1
1,15,78,237,0.2297420162803714,19,unknown,7,0,0,0,0,0,40,1
1,0,33,159,0.23304419664800488,116,unknown,0,0,0,0,0,0,95,1
2,17,103,12,0.012773511207105185,70,unknown,0,0,0,0,0,0,36,1
1,0,86,947,1.029023848243431,143,work,0,2,1,1,2,3,32,1
1,64,46,1996,1.999555992788889,90,university,0,0,0,0,0,0,10,1
2,17,181,749,0.7357755919008655,186,school,0,0,0,0,0,0,58,1
1,19,61,8220,8.184475209570682,1515,unknown,0,0,0,0,0,0,186,1
1,0,127,116,0.11431090163236912,36,unknown,0,0,0,0,0,0,6,1
1,16,90,6377,6.2912043559297945,435,school,0,2,2,7,2,0,6,1
1,17,2285,4389,6.449550451181575,635,work,0,0,0,0,0,0,61,1
2,0,83,36,0.035653445211301225,325,school,0,0,0,0,0,0,18,1
2,0,596,119,0.1336482782255165,348,unknown,1,0,0,0,0,0,12,1
1,15,272,673,0.6772653134731643,138,work,0,0,0,0,0,0,21,1
2,15,128,315,0.31543281836708187,42,unknown,0,0,0,0,0,0,11,1
1,0,249,709,1.0885503402999257,555,school,0,0,0,0,0,0,2,1
1,0,58,1289,1.3016922527585233,21,unknown,0,0,0,0,0,0,74,1
1,21,42,4,1.591057666632906,100,unknown,2,0,0,0,0,0,218,1
1,57,21,232,0.23498137515169024,46,unknown,0,0,0,0,0,0,14,1
1,0,40,1531,1.5708445819064873,38,unknown,0,1,1,5,6,0,22,1
1,14,191,3,0.08998128514243046,339,work,0,0,0,0,0,0,293,1
1,16,52,150,0.15765080448986574,126,school,0,1,1,1,2,0,114,1
2,0,604,46,0.5207837858874198,257,unknown,6,0,0,0,0,0,677,1
2,0,164,415,0.4267653730603144,101,work,0,0,0,0,0,0,19,1
1,15,80,7,0.09532398649702947,567,unknown,0,0,0,0,0,0,36,1
1,0,228,2701,2.7750291045432625,117,unknown,0,0,0,0,0,0,36,1
2,16,294,1008,1.0361840625879388,327,school,0,0,0,0,0,0,0,1
1,0,62,1236,2.0353166812436143,36,unknown,0,0,0,0,0,0,16,1
1,0,90,817,0.9214315062302569,481,work,0,0,0,0,0,0,7,1
1,37,40,36,0.03763822418201934,18,unknown,0,0,0,0,0,0,70,1
1,18,169,2102,2.201562504621622,446,school,0,0,0,0,0,0,90,1
2,0,277,212,0.23406821998318328,144,unknown,4,4,4,6,4,4,42,1
1,0,16,4873,5.144733321769632,317,unknown,0,0,0,0,0,0,18,1
1,14,140,38,0.05441189897013649,316,school,0,0,0,0,0,0,17,1
1,0,80,1113,1.175960359617158,181,unknown,0,0,0,0,0,0,16,1
1,14,34,1,0.007166545371780302,476,unknown,0,0,0,0,0,0,234,1
1,0,163,898,0.9660502332375208,119,school,0,0,0,0,0,0,9,1
1,15,102,802,0.8565137070894888,280,unknown,5,0,0,0,0,0,16,1
1,0,91,3027,3.229477831513748,325,work,0,1,1,6,5,0,215,1
1,14,24,1885,2.017366790080254,157,school,7,2,2,1,2,0,45,1
1,48,367,973,1.0413357546011492,103,unknown,0,0,0,0,0,0,59,1
2,0,991,69484,75.71449018918567,1397,unknown,1,1,2,7,3,0,444,1
1,0,16,849,0.9122740505393925,86,unknown,0,0,0,0,0,0,6,1
2,0,51,378,0.4067350396796812,84,unknown,0,0,0,0,0,0,15,1
1,20,45,202,0.3663171421385988,129,unknown,0,0,0,0,0,0,10,1
1,14,80,771,0.8317845423509321,112,school,1,0,0,0,0,0,15,1
1,0,2144,560,0.6039461560232682,235,unknown,0,0,0,0,0,0,1,1
1,0,159,0,0,52,school,0,0,0,0,0,0,26,1
1,0,112,1631,1.8544381880059253,122,university,0,4,4,6,1,3,79,1
1,0,94,223,0.24823407069051118,35,unknown,0,0,0,0,0,0,4,1
1,0,7,12,0.013454671771413433,36,unknown,4,0,0,0,0,0,5,1
1,0,193,406,0.5276069227351499,303,unknown,0,0,0,0,0,0,26,1
1,0,136,123,0.13450153274059692,516,unknown,0,0,0,0,0,0,26,1
1,0,93,21,0.04161541098670245,292,unknown,6,1,1,1,6,0,118,1
2,26,182,52,0.05719001286304308,3,unknown,6,0,0,0,0,0,2,1
1,0,257,2547,2.820998453686715,838,school,0,0,0,0,0,0,115,1
1,0,256,24,0.10884698259062431,562,unknown,0,0,0,0,0,0,107,1
1,0,392,3015,3.389566740357803,2408,work,0,0,0,0,0,0,25,1
1,0,188,138,0.15394368957467774,87,unknown,0,0,0,0,0,0,1,1
1,0,73,791,0.8853076425404064,54,unknown,0,2,2,0,1,0,2,1
2,30,589,7695,11.33218584486161,389,unknown,0,0,0,0,0,0,8,1
1,0,181,49,0.17380051636849372,61,unknown,7,0,0,0,0,0,2,1
1,0,222,4111,4.620557786645129,88,unknown,0,0,0,0,0,0,0,1
1,0,30,1617,1.8304400270977152,55,unknown,0,0,0,0,0,0,95,1
1,0,73,724,0.8147523398327509,143,school,0,2,2,7,2,0,17,1
1,26,1886,2014,2.2934644272055142,308,work,1,0,0,0,0,0,80032,1
1,0,104,1432,1.6331150140910762,136,unknown,0,2,2,1,2,0,10,1
1,0,376,7,0.09392875174932205,73,school,0,0,0,0,0,0,10,1
1,0,28,39,0.09619766015521523,31,unknown,2,0,0,0,0,0,4,1
2,21,80,79,0.09243084092808819,90,university,0,4,4,1,6,3,59,1
1,0,42,275,0.324559326364551,108,school,0,1,1,6,2,0,4,1
2,45,205,8282,10.711133769855959,123,unknown,1,0,0,0,0,0,0,1
2,0,50,636,0.8448257108034279,199,school,0,0,0,0,0,0,7,1
1,0,91,924,1.0690863093527896,59,unknown,0,0,0,0,0,0,11,1
1,0,9,15,0.27692929008022615,6,work,0,0,0,0,0,0,16,1
1,0,64,263,0.3147497516327318,49,unknown,0,2,2,0,2,0,7,1
2,17,51,435,0.513230873147542,24,unknown,0,0,0,0,0,0,8,1
1,0,76,2,0.02491567888303934,5,unknown,0,0,0,0,0,0,2,1
2,0,52,99,0.1571574116422709,127,school,0,0,0,0,0,0,11,1
1,25,76,4221,5.038508918877988,861,work,7,0,0,0,0,0,64,1
2,37,518,65,0.07760199553199879,441,unknown,0,0,0,0,0,0,21,1
1,29,77,206,0.2508162053446072,145,unknown,0,0,0,0,0,0,71,1
1,0,338,29958,36.07051588393376,116,unknown,0,0,0,0,0,0,2,1
2,14,43,13,0.09741455086488805,207,unknown,0,0,0,0,0,0,19,1
2,22,138,4507,5.493371237409788,188,work,0,0,0,0,0,0,36,1
1,0,57,1526,1.8647669973308707,143,school,0,2,2,0,0,0,37,1
2,16,30,73,0.08925414079311457,17,work,6,0,0,5,6,9,4,1
1,20,57,136,0.17399615705178864,138,university,0,2,2,6,2,5,88,1
1,17,41,281,0.34487609893175686,92,school,0,0,0,0,0,0,9,1
1,0,61,37,0.05284363575123878,22,unknown,2,0,0,0,0,0,6,1
1,0,29,488,0.5993763831273342,32,unknown,0,0,0,0,0,0,33,1
2,21,64,169,0.20753151976629852,50,unknown,0,2,1,1,2,0,31,1
1,14,136,1754,2.1796059845448146,132,school,0,0,0,0,0,0,63,1
1,25,750,4931,6.099576926521256,149,work,4,0,0,0,0,0,67,1
1,0,56,57,0.08669801911715264,41,unknown,0,0,0,0,0,0,1,1
1,15,351,1041,1.29724509359776,345,school,7,1,1,7,2,0,30,1
1,0,26,44,0.41834171351955934,450,work,7,2,2,6,2,0,11,1
1,0,38,108,0.2574487335951339,104,school,0,0,0,0,0,0,40,1
1,14,32,130,0.2436242754932459,23,school,7,1,2,6,5,0,0,1
1,14,108,2313,2.9931204115127192,160,unknown,0,0,0,0,0,0,71,1
1,32,104,633,0.8017041196514434,877,university,0,0,0,0,0,0,30,1
2,0,0,8,0.23841520117662318,19,unknown,0,0,0,0,0,0,0,1
1,0,115,1066,1.3627928422717441,393,school,0,0,0,0,0,0,85,1
1,0,270,907,1.4619593439383567,310,unknown,0,0,0,0,0,0,26,1
1,0,104,185,0.23705181575402706,157,unknown,0,0,0,0,0,0,43,1
1,0,83,6625,8.500617586797633,84,unknown,0,0,0,0,0,0,10,1
1,0,26,2768,3.6553559842684478,53,unknown,0,0,0,0,0,0,1,1
1,0,54,1129,1.4656409932328507,287,unknown,0,0,0,0,0,0,36,1
1,0,29,274,0.35606173306930117,83,unknown,4,0,0,0,0,0,4,1
1,31,49,593,0.7728585622461267,38,unknown,0,0,0,0,0,0,34,1
1,0,72,313,0.4073766457635673,31,unknown,0,0,0,0,0,0,2,1
1,0,72,1433,1.86767737389095,106,unknown,0,0,0,0,0,0,14,1
1,0,48,399,0.5211205155286163,22,unknown,0,0,0,0,0,0,13,1
1,16,156,535,0.6998912203942828,314,unknown,7,1,1,1,2,0,95,1
1,0,25,32,0.048455202982574774,42,university,0,0,0,0,0,0,0,1
1,0,21,53,0.07077547194042025,21,unknown,0,0,0,0,0,0,4,1
1,0,99,521,0.6843993248933652,28,unknown,0,0,0,0,0,0,10,1
2,0,6,8263,10.885060696230319,139,unknown,0,0,0,0,0,0,1,1
1,0,44,532,0.7047705638693492,74,unknown,0,0,0,0,0,0,6,1
1,15,156,929,1.2332142041799357,215,school,7,1,1,1,5,0,19,1
1,0,10,1764,3.1299097494798542,36,unknown,0,0,0,0,0,0,60,1
1,0,171,232,0.316738863938245,165,unknown,0,0,0,0,0,0,72,1
1,0,321,22,0.03622934202746054,603,school,0,0,0,0,0,0,386,1
1,15,166,511,0.7943874399901054,148,university,7,2,2,1,2,0,54,1
1,0,27,31,0.04113576548853951,92,school,0,0,0,0,0,0,14,1
1,0,20,4,3.1991409714058268,17,unknown,0,0,0,0,0,0,123,1
1,15,358,467,0.629923570903285,124,work,6,0,0,0,0,0,25,1
1,0,68,731,1.2526540735117127,51,unknown,0,0,0,0,0,0,31,1
1,14,296,10485,13.993592140168122,704,work,7,3,3,0,6,0,1,1
1,0,81,23,0.03391051341100909,36,unknown,0,0,0,0,0,0,44,1
1,0,90,1476,1.9772815365112872,123,school,0,0,0,0,0,0,8,1
1,0,91,3994,5.42734667958269,260,school,0,0,0,0,0,0,136,1
1,33,303,17944,24.170563468858607,101,unknown,0,0,0,0,0,0,77,1
1,17,94,263,0.39587244716304393,708,school,0,0,0,0,0,0,70,1
1,18,413,2388,3.5203042238218116,449,school,0,0,0,0,0,0,0,1
1,15,78,94,0.1356743824176986,237,school,5,1,1,1,6,0,12,1
1,0,159,17,0.04504319261291641,760,unknown,0,0,0,0,0,0,181,1
1,15,109,146,0.19878692761001882,142,school,7,0,0,0,0,0,16,1
1,22,180,423,0.5764234191129711,265,unknown,0,0,0,0,0,0,28,1
1,0,26,1557,2.898982720076269,61,unknown,0,0,0,0,0,0,3,1
1,0,83,795,1.2777902830046526,361,unknown,0,0,0,0,0,0,51,1
1,0,110,215,0.3026008819473422,159,unknown,0,0,0,0,0,0,10,1
1,0,131,4,0.019142729208149044,295,unknown,0,0,0,0,0,0,142,1
1,0,103,2539,3.670483818402394,398,school,0,0,0,0,0,0,59,1
1,14,153,1876,2.6179592992532035,102,unknown,0,0,0,0,0,0,36,1
1,14,34,4,8.123927505230249,135,school,4,0,0,0,0,0,57,1
1,0,56,83,0.12050155546181049,112,unknown,0,0,0,0,0,0,35,1
1,0,101,28,0.0390224061391123,187,school,1,0,0,0,0,0,0,1
1,0,69,1041,1.6348703709991552,360,unknown,6,1,1,2,2,3,44,1
1,28,71,2351,3.3082260050423122,162,work,0,0,0,0,0,0,235,1
1,0,74,30,0.1891063092635243,101,work,0,1,1,1,2,0,49,1
1,15,101,1164,1.6548006060178049,84,unknown,0,0,0,3,2,0,6,1
1,15,157,9,0.08589800252899804,152,school,0,1,1,1,2,0,20,1
1,0,69,35,0.06845263918312823,73,unknown,0,0,0,0,0,0,10,1
1,0,36,39,0.05551683743827755,44,unknown,0,0,0,0,0,0,21,1
1,15,116,552,0.7927325140438723,208,work,0,0,0,0,0,0,57,1
1,15,124,140,0.2013102407498061,762,unknown,0,0,0,0,0,0,35,1
1,0,89,6,0.12643039011969914,415,school,0,0,0,0,0,0,99,1
1,0,116,747,1.085319792306604,204,unknown,0,0,0,0,0,0,32,1
1,25,214,29,0.06192331809338262,169,unknown,4,5,1,4,2,8,21,1
1,16,167,226,0.32923938963241917,570,unknown,0,0,0,0,0,0,8,1
1,0,127,147,0.22596292840183993,164,unknown,3,0,0,0,0,0,20,1
1,14,124,2084,3.057811649605913,93,unknown,0,0,0,0,0,0,30,1
1,0,82,1475,2.1808989633354163,92,unknown,0,0,0,0,0,0,0,1
1,0,57,297,0.4410483216451724,32,unknown,0,0,0,0,0,0,19,1
1,0,27,372,0.5556972331150654,260,school,0,0,0,0,0,0,9,1
1,0,71,32,0.05313126439380106,78,unknown,0,0,0,0,0,0,0,1
1,0,48,1399,2.0929151503930403,250,school,0,1,1,6,2,3,19,1
1,14,86,3379,5.060556244549246,405,work,0,2,2,0,3,0,68,1
1,0,15,46,0.06890873779405175,8,unknown,0,0,0,0,0,0,3,1
1,0,44,2379,3.6470424788851155,64,unknown,0,0,0,0,0,0,10,1
1,0,48,671,1.0472818649169626,43,school,0,0,0,0,0,0,3,1
2,0,59,690,1.0690248908179252,481,unknown,0,0,0,0,0,0,168,1
1,0,81,113,0.17063082319497724,36,unknown,0,0,0,0,0,0,48,1
1,0,77,527,0.796386095159785,28,school,0,0,0,0,0,0,12,1
1,14,268,73,0.13184630248069512,161,unknown,0,0,0,0,0,0,5,1
1,0,422,810,1.2346585289007637,212,university,0,3,3,1,2,0,84,1
1,0,1,36,0.05997095503919428,24,unknown,0,0,0,0,0,0,5,1
1,0,42,1350,2.0530458177376185,58,unknown,0,0,0,0,0,0,58,1
1,18,5795,14904,33.20986308786064,985,work,6,2,2,1,6,0,2,1
1,0,4,442,0.69687403034021,2282,unknown,0,0,0,0,0,0,24,1
2,23,2545,247,0.4001043006937707,587,unknown,0,0,0,0,0,0,61,1
1,0,87,173,0.2655802571127898,78,unknown,0,0,0,0,0,0,30,1
1,15,303,2034,3.126826242077696,383,school,7,0,0,0,0,0,37,1
2,0,64,218,0.35483961335006425,1139,unknown,0,0,0,0,0,0,7,1
1,0,15,127,0.23551425194122505,216,unknown,0,0,0,0,0,0,76,1
2,17,51,484,0.7534200829901475,95,school,7,0,0,0,0,0,29,1
1,0,31,3,1.292265353129456,64,unknown,0,0,0,0,0,0,15,1
1,18,177,7,0.04397223409340058,84,university,0,0,0,0,0,0,8,1
1,0,138,681,1.060265745428534,148,unknown,0,0,0,0,0,0,6,1
1,0,118,1408,2.195207986732088,118,school,6,0,0,0,0,0,0,1
1,0,45,4096,6.404699513130168,321,work,0,2,2,3,6,0,158,1
1,0,132,222,0.35083234520287326,26,unknown,0,0,0,0,0,0,24,1
1,0,83,139,0.22290980711274502,309,school,0,0,0,0,0,0,6,1
1,0,34,251,0.39815046126934583,35,unknown,0,0,0,0,0,0,16,1
1,0,89,25,0.04086052801676826,23,school,0,2,2,3,2,0,19,1
1,0,237,1651,2.6473822750935856,267,school,0,0,0,0,0,0,6,1
1,15,47,8158,13.108758864042661,598,unknown,0,0,0,0,0,0,0,1
1,0,142,267,0.5994807711932608,89,unknown,0,0,0,0,0,0,13,1
1,0,65,9,0.16900383583937595,335,unknown,0,0,0,0,0,0,208,1
1,0,58,48,0.07749058316204294,96,school,0,0,0,0,0,0,11,1
2,0,129,309,0.501033986895526,115,work,0,0,0,0,0,0,20,1
1,0,54,290,0.469446368984284,55,unknown,0,0,0,0,0,0,10,1
1,0,141,61,0.09929977680159459,149,unknown,0,2,2,1,6,0,26,1
1,0,36,3723,6.481695373342616,35,unknown,4,0,0,0,0,0,10,1
1,0,77,385,0.6256291156475533,14,unknown,4,0,0,0,0,0,7,1
1,0,29,594,0.9662922507622682,113,work,0,0,0,0,0,0,9,1
1,0,220,1659,2.7315254819063135,245,unknown,0,0,0,0,0,0,13,1
1,0,43,320,0.5657677021414762,43,unknown,0,0,0,0,0,0,11,1
1,0,32,2859,4.692080239796464,216,unknown,0,0,0,0,0,0,2,1
1,0,7,711,1.180469492892978,66,school,0,0,0,0,0,0,45,1
1,15,67,365,0.5998016181253902,152,unknown,0,0,0,0,0,0,16,1
1,0,54,1164,1.9197583626024317,230,unknown,1,0,0,0,0,0,6,1
1,0,59,284,0.4687943746814814,69,unknown,0,0,0,0,0,0,1,1
1,0,152,8,0.01327416854099642,345,unknown,0,0,0,0,0,0,10,1
1,28,45,220,0.3641022671476643,171,unknown,1,0,0,0,0,0,51,1
2,14,24,139,0.23078249458973818,6,school,0,0,0,0,0,0,4,1
2,0,194,1,0.009680919579794306,24,school,0,0,0,0,0,0,12,1
1,0,22,1154,2.10843037824195,35,unknown,0,0,0,0,0,0,43,1
1,0,267,2010,3.340774011769926,115,work,4,0,0,1,6,0,90,1
1,15,63,1344,2.238599191374055,240,school,0,0,0,0,0,0,26,1
1,0,35,85,0.14177691298494088,166,unknown,0,0,0,0,0,0,24,1
2,31,120,1111,2.0944139731282068,456,university,7,0,0,0,0,0,24,1
1,0,159,501,0.8542713835604979,80,unknown,0,0,0,0,0,0,38,1
1,14,251,2389,4.012584699944648,389,work,7,1,1,0,0,0,74,1
1,0,4,45,0.07558321548728081,4,unknown,0,0,0,0,0,0,0,1
1,0,85,117,0.23889119209016063,87,school,0,0,0,1,3,0,32,1
2,15,352,5,0.00857176378861959,22,unknown,0,0,0,0,0,0,4,1
1,15,19,13,0.021948384169415264,4,school,0,0,0,0,0,0,4,1
1,0,134,311,0.5257860256881883,65,work,0,0,0,0,0,0,65,1
1,0,102,668,1.132786582922988,624,unknown,0,0,0,0,0,0,52,1
1,14,141,5,0.09045603030779548,34,school,0,0,0,0,0,0,135,1
1,35,71,6,0.07748303302430298,1022,unknown,2,0,0,0,0,0,274,1
2,0,72,628,1.069048930023076,159,unknown,0,0,0,0,0,0,57,1
1,0,65,3,0.04711735238289829,143,unknown,0,0,0,0,0,0,81,1
1,0,30,2,0.23618237434359612,215,university,0,0,0,0,0,0,15,1
1,0,134,603,1.1240227809475516,343,work,6,0,0,0,0,0,14,1
1,17,335,2689,4.592621078575744,276,school,0,0,0,0,0,0,0,1
1,0,361,914,1.837104212189333,527,unknown,0,0,0,0,0,0,0,1
1,0,53,90,0.37000623624193957,12,unknown,0,0,0,0,0,0,22,1
1,17,41,481,0.8948739705807685,60,unknown,0,0,0,0,0,0,20,1
1,15,50,206,0.3579598172889298,49,unknown,7,0,0,0,0,0,16,1
1,0,86,2,0.5911289605298267,298,unknown,0,0,0,0,0,0,62,1
1,0,71,2113,3.724866315430335,47,unknown,0,0,0,0,0,0,47,1
2,0,18,22,0.038167761891477664,17,unknown,1,0,0,0,0,0,2,1
1,15,83,46,0.3039101128338173,186,unknown,0,0,0,0,0,0,12,1
1,0,46,501,0.8736269328585176,37,unknown,0,0,0,1,2,0,19,1
1,39,142,789,1.392611979519965,634,unknown,5,0,0,0,0,0,8,1
1,15,25,331,0.5780670583579822,94,unknown,0,0,0,0,0,0,4,1
2,29,2250,1418,2.511814262140722,60,university,0,0,0,0,0,0,1,1
1,0,4,38,0.07396281413188964,185,unknown,0,0,0,0,0,0,7,1
1,0,81,478,1.1475885543580298,581,unknown,0,0,0,0,0,0,39,1
1,0,22,623,1.111233119830461,124,school,7,1,1,1,2,0,15,1
1,37,9,176,0.3242310791216456,83,university,0,0,0,0,0,0,7,1
1,0,43,41,0.32985033823068216,69,unknown,1,1,1,1,2,0,204,1
1,15,88,15,0.029335577022085366,110,school,0,0,0,0,0,0,0,1
1,27,2239,82,0.14765467221852793,49,unknown,0,0,0,0,0,0,41,1
1,0,177,148,0.31306931445013253,99,school,0,0,0,0,0,0,102,1
1,0,16,578,1.0441773114240767,173,unknown,4,0,0,0,0,0,21,1
1,0,169,1304,2.355773641855061,257,unknown,0,0,0,0,0,0,123,1
1,0,149,881,1.6129818012965114,137,university,2,0,0,0,0,0,94,1
2,0,42,630,1.144348967569421,80,unknown,0,0,0,0,0,0,16,1
1,0,27,196,0.7506434219453447,0,unknown,4,0,0,0,0,0,37,1
1,0,72,4715,8.613592533871554,496,work,0,0,0,0,0,0,35,1
1,0,172,69,0.1290669814247552,153,unknown,0,1,1,6,2,0,1,1
1,0,70,322,0.5872112115195117,32,unknown,0,0,0,0,0,0,7,1
1,15,49,115,0.2097186173903338,6,unknown,0,0,0,0,0,0,1,1
1,0,2,0,0,111,unknown,0,0,0,0,0,0,2,1
1,0,90,486,0.8872911929887294,222,school,0,0,0,0,0,0,12,1
1,0,25,186,0.3452997303248298,20,unknown,0,0,0,0,0,0,0,1
1,0,53,4269,7.882741796509755,41,unknown,0,0,0,0,0,0,17,1
1,0,48,136,0.25195445676179856,19,unknown,0,0,0,0,0,0,25,1
1,0,121,1,0.021539871448850532,86,unknown,6,0,0,0,0,0,35,1
1,23,53,79,0.16586131169723195,36,unknown,0,0,0,0,0,0,13,1
1,0,39,4,0.13505681882573253,98,unknown,0,0,0,0,0,0,95,1
2,0,282,2613,4.871282037406411,603,unknown,0,0,0,0,0,0,1,1
1,21,21,91,0.16969037355687697,36,unknown,0,0,0,0,0,0,6,1
1,0,23,0,0,82,school,0,0,0,0,0,0,19,1
1,0,98,215,0.4044875383934907,65,unknown,0,0,0,0,0,0,18,1
1,0,56,1378,2.5969247153097244,108,unknown,0,0,0,0,0,0,14,1
2,0,1,0,0,66,unknown,0,0,0,0,0,0,186,1
2,0,64,404,0.7683055472555919,330,unknown,2,0,0,6,6,0,33,1
1,0,110,334,0.6357964113688442,80,unknown,6,0,0,0,0,0,39,1
1,0,124,2966,11.860295304980431,1676,unknown,6,0,0,0,0,0,209,1
1,15,161,2904,5.571697350733696,367,unknown,7,2,4,1,2,0,21,1
1,0,226,5314,10.252129635995601,433,school,0,0,0,0,0,0,7,1
1,28,194,273,0.6961068957558143,975,school,0,0,0,0,0,0,3,1
1,18,381,150,0.2909251554631299,3053,work,0,0,0,0,0,0,460,1
2,26,149,8926,17.323698573560705,336,unknown,7,0,0,0,0,0,24,1
1,0,125,710,1.4814592634565342,403,unknown,6,0,0,0,0,0,32,1
1,17,313,12,0.3222384633004641,837,school,0,0,0,0,0,0,157,1
1,0,53,195,0.3813722992240541,17,unknown,0,0,0,0,0,0,1,1
1,18,274,360,0.7107111857701106,203,unknown,0,0,0,0,0,0,93,1
1,15,12,356,0.7108241619112421,10,unknown,0,1,1,6,2,0,12,1
1,16,191,33,0.11253013502313769,55,school,0,0,0,0,0,0,21,1
1,15,18,112,0.40483628077417577,8,unknown,0,0,0,0,0,0,6,1
1,0,120,1008,2.005639017401955,901,unknown,0,0,0,0,0,0,69,1
1,0,123,10,0.02366767170265778,212,school,2,2,2,0,1,3,31,1
1,116,53,28,0.056142830219203264,17,unknown,0,0,0,0,0,0,3,1
1,0,32,214,0.4306829654540299,52,school,0,0,0,0,0,0,6,1
2,0,101,648,1.3130008689831638,142,school,0,0,0,0,0,0,31,1
1,0,1289,71,0.1765409931587775,70,unknown,0,0,0,0,0,0,1,1
2,0,126,880,1.7931480857026298,16,unknown,0,0,0,0,0,0,0,1
1,0,28,279,0.5724822912515056,508,unknown,6,1,1,1,6,0,56,1
2,0,205,13091,28.02441245080482,451,unknown,1,4,3,6,2,3,7,1
1,0,194,32,0.29488447744877144,361,school,7,0,0,0,0,0,87,1
1,0,28,2772,5.718461114964394,575,unknown,0,0,0,0,0,0,106,1
1,0,113,759,1.5893911071403695,33,school,0,0,0,0,0,0,10,1
1,17,50,1452,3.0483512141242644,146,unknown,0,0,0,0,0,0,24,1
2,51,71,9534,20.10015064542403,75,unknown,0,0,0,0,0,0,19,1
1,26,14,538,1.1297863013410963,154,unknown,0,4,2,7,3,3,5,1
2,116,40,20,0.5887720355089505,176,university,0,0,0,0,0,0,10,1
1,14,23,364,0.7688530795732232,11,school,0,0,0,7,2,0,3,1
1,0,30,1913,4.063806626345083,159,unknown,4,4,3,1,2,3,30,1
1,0,392,1304,3.5360930499263925,231,unknown,0,0,0,0,0,0,127,1
1,14,130,1607,3.408236168167419,358,school,0,0,0,0,0,0,3,1
1,0,86,319,0.6763297850738412,32,school,0,0,0,0,0,0,3,1
1,27,157,56,0.1251227073508556,38,unknown,0,0,0,0,0,0,24,1
1,0,20,291,0.8902661241495345,5,school,5,0,0,0,0,0,3,1
1,0,117,459,0.9928914335198051,102,unknown,0,2,0,0,0,0,5,1
2,0,352,326,0.7980079493110374,54,unknown,0,0,0,0,0,0,5,1
1,0,246,587,1.7030195750476442,1379,work,0,0,0,0,0,0,0,1
1,0,65,1,0.006626011789699589,35,unknown,0,0,0,0,0,0,9,1
1,0,83,0,0,49,work,0,0,0,0,0,0,19,1
1,0,10,555,1.258579340773926,4,unknown,6,2,2,0,0,0,6,1
1,26,15,2132,4.753401038201408,968,unknown,0,0,0,0,0,0,123,1
1,0,218,2253,5.134729569094551,102,unknown,0,0,0,0,0,0,7,1
1,14,69,30,0.14198186970402696,33,school,6,0,0,0,0,0,50,1
2,116,72,11,0.054287976121515966,57,unknown,0,0,0,0,0,0,0,1
2,0,21,453,1.0474908441701605,165,unknown,0,0,0,0,0,0,4,1
2,0,42,5,0.011563446179987448,11,school,0,0,0,0,0,0,13,1
1,56,37,233,0.5580341426683785,65,unknown,0,0,0,0,0,0,4,1
1,19,52,1088,2.544536742116921,52,school,0,0,0,0,0,0,33,1
1,0,53,793,2.21697327777612,254,work,0,0,0,0,0,0,9,1
1,0,49,30,0.29284022594340703,50,unknown,0,3,4,6,6,0,0,1
2,0,9,768,1.8514585853079815,264,unknown,0,0,0,0,0,0,1,1
1,0,13,102,0.24549667865791802,74,unknown,0,0,0,0,0,0,5,1
1,0,55,51,0.13952540653350895,56,school,0,0,0,0,0,0,18,1
1,0,55,66,0.19626786116182768,101,work,0,0,0,0,0,0,5,1
2,0,305,4542,11.122547447830534,145,unknown,1,4,4,0,2,0,103,1
1,0,301,282,0.6827419410430052,447,school,0,0,0,0,0,0,2,1
1,18,65,904,2.1955267929372297,88,unknown,0,0,0,0,0,0,13,1
1,0,10,32,0.0777723356645906,86,unknown,0,0,0,0,0,0,28,1
1,0,41,4205,10.224082076321194,72,school,0,0,0,0,0,0,2,1
1,0,71,2007,4.886660375429977,451,unknown,7,0,0,0,0,0,38,1
1,0,201,75,0.3931847968545216,118,unknown,0,0,0,0,0,0,4,1
1,0,44,36,0.08794486888173282,143,unknown,4,0,0,0,0,0,1,1
1,15,292,632,1.6685908268757261,119,work,0,0,0,0,0,0,10,1
2,15,122,101,0.25351421088864795,174,unknown,2,0,0,0,0,0,1,1
1,14,155,988,2.4543542727006824,1174,unknown,0,0,0,0,0,0,56,1
1,16,504,1884,4.862878864941093,292,university,6,0,0,0,0,0,1,1
2,0,32,103,0.2577291074548388,26,unknown,0,0,0,0,0,0,4,1
1,0,119,53,0.4925871507170171,273,school,0,0,0,0,0,0,45,1
1,0,70,437,1.0985756702010476,167,unknown,0,0,0,0,0,0,8,1
1,0,12,46,0.12060736660837088,2,unknown,0,0,0,0,0,0,0,1
1,0,6,114,0.29586322261481685,32,unknown,0,0,0,0,0,0,1,1
1,0,58,367,0.9277638710336593,38,work,0,0,0,0,0,0,350,1
1,0,44,1591,4.025000715182061,154,university,0,0,0,0,0,0,1,1
1,32,4,61,0.19967666958228045,22,unknown,0,0,0,0,0,0,0,1
1,14,675,2876,7.350952682360049,1561,unknown,0,0,0,0,0,0,44,1
1,14,208,572,1.4642861153346345,668,school,7,2,2,1,1,8,205,1
1,34,215,6,0.017767853736837726,449,university,2,1,4,3,3,8,56,1
1,0,19,125,0.320754252436626,99,unknown,0,0,0,0,0,0,96,1
1,0,152,926,2.3786046170076545,165,unknown,0,0,0,0,0,0,4,1
1,15,179,74,0.19059903413844054,83,school,0,0,0,0,0,0,13,1
2,14,17,3465,8.969877939657005,177,school,0,0,0,0,0,0,20,1
1,0,112,643,1.6589715607818805,95,unknown,0,0,0,0,0,0,1,1
1,0,37,511,1.4626329327489127,241,school,0,0,0,0,0,0,3,1
1,0,25,267,0.6946080018066167,20,school,0,0,0,0,0,0,1,1
1,0,72,162,0.4211380819785257,13,unknown,0,0,0,0,0,0,4,1
1,0,23,118,0.48637573556029096,36,unknown,0,0,0,0,0,0,3,1
2,32,268,8619,22.54424595444606,880,unknown,0,0,0,0,0,0,0,1
1,14,170,5,0.040747470850702495,12,school,7,0,0,0,0,0,1,1
1,0,147,425,1.1409983064005529,96,work,0,1,1,1,6,0,3,1
2,0,9,74,0.19909762712411205,5,school,0,0,0,0,0,0,2,1
1,0,93,537,1.426667170954497,170,work,0,1,1,3,2,0,17,1
2,0,75,1989,6.876716807259204,66,unknown,5,0,0,0,0,0,0,1
1,0,69,1529,4.061602396249981,125,work,0,0,0,0,0,0,16,1
1,0,57,243,0.6457943333048298,5,unknown,0,0,0,0,0,0,4,1
1,14,60,14,0.03872344649942573,180,unknown,0,0,0,0,0,0,11,1
1,14,60,365,1.6998339837433432,112,unknown,0,0,0,0,0,0,0,1
1,0,230,751,2.010073165890019,272,school,0,0,0,3,6,0,173,1
1,22,33,39,0.11038673456507886,73,university,0,0,0,0,0,0,26,1
1,37,45,13,0.5047745052922228,185,work,0,0,0,0,0,0,52,1
1,0,140,226,0.8979815695426859,312,work,0,0,0,0,0,0,4,1
1,0,43,1092,3.0120780598816395,126,unknown,0,0,0,0,0,0,14,1
1,0,104,47,0.40297323752795444,324,unknown,0,0,0,0,0,0,11,1
1,0,235,29605,84.19588511024946,1944,unknown,0,0,0,0,0,0,4,1
1,0,91,499,1.3771485324722619,403,school,2,0,0,0,0,0,4,1
1,0,167,316,0.8745821954753864,370,unknown,0,0,0,0,0,0,23,1
1,0,64,90,0.254198201305819,95,unknown,0,0,0,0,0,0,15,1
1,0,103,531,1.4880968695324603,167,unknown,0,0,0,0,0,0,116,1
2,14,47,103,0.2899116624908576,48,school,0,0,0,0,0,0,0,1
2,56,42,5076,14.508651967541798,2168,unknown,4,0,0,0,0,0,68,1
1,0,132,101,0.28724864098054276,230,school,7,0,0,0,0,0,6,1
1,0,0,83,0.2366121776545943,64,unknown,0,0,0,0,0,0,4,1
1,42,15,43,0.13408908586952883,39,unknown,4,0,0,0,0,0,10,1
1,0,169,331,0.9490991864470611,353,unknown,0,0,0,0,0,0,13,1
1,14,44,380,1.0910231741736154,396,unknown,0,0,0,0,0,0,12,1
2,0,30,723,2.079555086427913,91,unknown,0,0,0,0,0,0,6,1
1,0,73,50,0.17073707948139089,274,school,0,0,0,0,0,0,7,1
1,31,725,1548,4.476791375782104,595,unknown,1,0,0,0,0,0,136,1
1,24,62,282,0.8456698951055287,78,unknown,4,0,0,0,0,0,23,1
1,0,12,1810,7.923595751099461,91,unknown,0,0,0,0,0,0,2,1
1,0,132,249,0.7244165895089503,59,school,0,2,2,6,2,3,16,1
1,0,41,460,1.339400131129376,77,unknown,0,0,0,0,0,0,20,1
1,0,46,611,1.7798720551752782,99,school,0,0,0,0,0,0,7,1
1,0,49,4,0.09249517785918089,129,work,0,1,1,1,2,0,30,1
1,0,25,1911,5.6127402197533245,20,school,0,1,1,1,2,0,11,1
1,0,42,1709,5.050202724506553,76,school,0,0,0,0,0,0,0,1
1,15,17,994,3.007218555691491,146,unknown,0,0,0,0,0,0,12,1
1,15,75,1308,3.876438655074954,188,school,0,0,0,0,0,0,4,1
1,0,27,3841,11.380945254297437,498,school,6,2,2,3,2,0,28,1
1,0,83,333,0.989448761777328,703,school,0,0,0,0,0,0,34,1
1,0,22,31,0.1133144571800049,191,unknown,0,0,0,0,0,0,5,1
1,17,61,717,2.1690522385122737,92,unknown,0,0,0,0,0,0,20,1
1,0,71,158,0.48270929929323786,29,unknown,0,0,0,0,0,0,0,1
1,14,132,218,0.6633492162137661,130,school,0,1,1,1,2,3,22,1
2,20,27,59,0.18065290844413784,35,unknown,6,0,0,0,0,0,7,1
1,0,906,14139,43.054141496732896,813,work,0,0,0,0,0,0,28,1
1,17,76,85,0.2601745833805691,632,unknown,0,0,0,0,0,0,13,1
1,15,34,47,0.144260400253692,45,unknown,0,0,0,0,0,0,4,1
1,14,52,674,2.2144853756030134,54,unknown,0,0,0,0,0,0,5,1
1,17,70,234,0.7182321207446756,174,unknown,0,0,0,0,0,0,14,1
1,15,195,42,0.12897240645173375,128,school,0,0,0,0,0,0,6,1
1,33,210,1108,3.405690088648223,66,unknown,0,0,0,0,0,0,1,1
1,15,38,229,0.7039595339968343,29,unknown,0,0,0,0,0,0,13,1
1,0,47,3,0.019400037378004113,63,school,0,0,0,0,0,0,2,1
1,0,55,44,0.13565248556524598,8,work,0,1,1,1,6,0,29,1
1,0,2,0,0,73,unknown,0,0,0,0,0,0,0,1
1,0,30,44,0.13593152192137148,27,school,0,0,0,0,0,0,3,1
1,14,51,334,1.0619252532328305,158,unknown,0,0,0,0,0,0,7,1
1,0,94,1497,5.354657328683386,48,unknown,0,0,0,0,0,0,0,1
1,15,53,385,1.1976121635401622,15,school,0,0,0,0,0,0,1,1
1,108,8,169,0.5310157206706604,10,unknown,0,0,0,0,0,0,0,1
2,14,19,12,0.046957699935043666,4,school,0,0,0,0,0,0,0,1
1,0,88,112,0.3516690926411912,29,school,1,1,1,0,2,0,1,1
1,14,245,613,1.9382006065732944,407,work,0,1,1,1,2,0,131,1
1,0,19,29,0.09213463438203771,299,unknown,0,0,0,0,0,0,31,1
1,0,12,984,3.1390408382945143,636,unknown,0,0,0,0,0,0,1,1
1,0,158,67,0.21378921213903773,90,school,0,0,0,0,0,0,29,1
2,0,775,3,0.009601777039995141,1482,unknown,0,0,0,0,0,0,3637,1
1,16,369,67,0.24692555545133338,93,unknown,0,0,0,0,0,0,6,1
1,0,43,485,1.572235603917592,334,unknown,0,0,0,0,0,0,13,1
1,0,58,371,1.2186871290809436,95,unknown,0,0,0,0,0,0,4,1
1,0,48,786,2.600242869141088,160,unknown,0,0,0,0,0,0,19,1
1,46,55,903,2.994719880848693,57,unknown,0,0,0,0,0,0,34,1
2,0,484,640,2.1168457834052092,2041,unknown,6,0,0,0,0,0,81,1
1,0,14,0,0,155,unknown,0,0,0,0,0,0,11,1
1,0,74,138,0.5045889613547118,51,school,0,2,2,1,2,4,7,1
2,0,11,8190,27.606723263331173,372,work,0,0,0,0,0,0,179,1
1,0,27,13,0.044128282551758796,2,unknown,0,0,0,0,0,0,2,1
1,0,40,0,0,251,unknown,7,0,0,0,0,0,56,1
1,14,126,469,1.6389105024372774,201,unknown,0,0,0,0,0,0,2,1
1,0,2496,327,1.1502806997101214,146,work,6,0,0,0,0,0,32,1
1,0,124,5,0.02425724675420351,908,unknown,0,0,0,0,0,0,0,1
1,17,33,55,0.1953603238640036,3,unknown,0,0,0,0,0,0,4,1
1,14,34,642,2.287769899893982,84,school,0,0,0,0,0,0,6,1
2,0,43,44,0.15754707296925133,5,school,0,0,0,0,0,0,1,1
1,17,174,43,0.15484332387165828,39,unknown,0,0,0,0,0,0,7,1
1,14,486,23,0.12123312980784803,436,work,0,0,0,0,0,0,1,1
1,0,57,114,0.41566856441491196,18,unknown,0,0,0,0,0,0,3,1
1,15,179,3027,11.102199335174157,121,unknown,7,1,1,1,2,0,2,1
1,0,11,97,0.35597580665953565,77,unknown,0,0,0,0,0,0,1,1
1,21,75,7260,26.733040123852717,476,work,0,1,1,7,6,0,6,1
1,15,141,162,0.6060319507276903,87,school,0,0,0,0,0,0,2,1
1,0,299,72,0.2700581023443282,63,unknown,0,0,0,0,0,0,48,1
1,112,149,243,0.9119194533695439,408,unknown,0,0,0,0,0,0,13,1
1,0,39,165,0.6214528072286609,33,unknown,1,0,0,0,0,0,10,1
1,0,54,87,0.329023292203525,7,unknown,0,0,0,0,0,0,33,1
1,26,440,42,0.15889088139821173,377,university,4,0,0,0,0,0,1,1
2,0,26,576,2.194933935956924,424,work,1,1,1,3,6,0,39,1
1,39,7,2,0.03211105668419147,206,unknown,0,0,0,0,0,0,92,1
1,0,21,64,0.3203847954887485,82,work,0,0,0,0,0,0,8,1
1,0,205,44,0.18669009066815223,445,unknown,7,0,0,0,0,0,500,1
1,15,13,131,0.5921833926838688,236,unknown,2,1,1,7,2,3,9,1
1,0,81,94,0.3650725832135207,191,school,0,0,0,0,0,0,7,1
1,0,67,913,3.5439570548054227,451,unknown,0,0,0,0,0,0,2,1
1,0,8,24,0.40428760102803224,45,unknown,4,0,0,0,0,0,10,1
2,0,17,20,0.0778558744487518,6,unknown,0,0,0,0,0,0,4,1
1,14,45,249,1.2665558571585256,67,unknown,7,0,0,0,0,0,0,1
2,32,74,354,1.43527481043341,622,unknown,7,0,0,0,0,0,32,1
1,0,57,2516,10.462658784543947,61,unknown,0,0,0,0,0,0,19,1
1,66,11,563,2.2656111836327066,144,unknown,0,0,0,0,0,0,3,1
1,28,220,153,0.6081538492326654,75,unknown,4,0,0,0,0,0,8,1
1,14,65,292,1.1752693127524556,62,school,7,0,0,0,0,0,4,1
1,14,43,443,1.7978167314965463,95,school,0,0,0,0,0,0,1,1
1,17,48,828,3.4428353957851603,151,unknown,0,0,0,0,0,0,13,1
1,0,82,14,0.1318515440561398,155,unknown,0,0,0,0,0,0,12,1
1,0,5,1,0.010593116436004826,16,unknown,4,0,0,0,0,0,5,1
1,30,683,125,0.5247087283547932,180,university,4,1,1,5,1,8,1,1
1,25,1246,1269,5.366903566021398,772,unknown,0,0,0,0,0,0,80,1
1,22,4,13,0.05508370570333609,11,unknown,0,0,0,0,0,0,0,1
1,0,54,6,0.027954089075510714,92,unknown,7,0,0,0,0,0,47,1
1,15,57,9,0.38147660291552915,37,unknown,0,0,0,0,0,0,0,1
1,30,768,222,1.4709338944019341,357,university,0,0,0,0,0,0,1,1
1,0,32,10,0.046198623281026224,14,unknown,0,0,0,0,0,0,2,1
1,0,899,69,0.3338434465975923,157,university,0,0,0,0,0,0,85,1
1,0,37,11,0.05150409404439475,3,unknown,0,0,0,0,0,0,0,1
1,0,30,1,0.008504723862247099,7,unknown,0,0,0,0,0,0,1,1
1,14,17,1936,9.703121843063183,107,unknown,0,0,0,0,0,0,10,1
1,14,17,148,0.7521512471504342,24,unknown,0,0,0,0,0,0,2,1
1,0,10,39,0.20334563187380017,572,unknown,0,0,0,0,0,0,229,1
1,31,3,14,0.07395669155816403,15,unknown,0,0,0,0,0,0,0,1
1,0,5,1,0.00555960514448796,3,unknown,0,0,0,0,0,0,0,1
1,0,23,19,0.10805205692189732,26,unknown,0,0,0,0,0,0,2,1
1,0,20,435,2.3089156371594117,18,work,0,0,0,0,0,0,15,1
1,14,141,66,0.4116897241020422,61,work,0,1,1,1,2,0,0,1
2,0,0,2,0.014207696460458288,3,unknown,0,0,0,0,0,0,9,1
1,0,41,27,0.15585505720197282,20,unknown,0,0,0,0,0,0,5,1
1,0,10,10,0.05644322986975724,12,unknown,0,0,0,0,0,0,2,1
1,0,15,62,0.364139814516282,33,unknown,0,0,0,0,0,0,0,1
1,15,27,425,2.437901723480997,22,unknown,0,0,0,0,0,0,1,1
1,14,80,23,0.13946998458123946,127,work,0,0,0,0,0,0,10,1
1,0,42,4,0.024880530617631093,34,unknown,6,0,0,0,0,0,9,1
1,18,34,2,0.044788549060956744,277,unknown,3,0,0,0,0,0,0,1
1,0,26,62,0.6709151614452229,8,unknown,0,0,0,0,0,0,2,1
1,0,37,6989,55.25397630331667,460,unknown,0,0,0,0,0,0,5,1
1,14,23,177,1.5427833656865078,7,unknown,7,0,0,0,0,0,3,1
1,17,1,1,0.7357198814673525,560,unknown,0,1,1,0,2,0,0,1
1,0,26,9,0.08630814894992862,55,unknown,4,0,0,0,0,0,2,1
1,0,2,6,0.4462176085525042,112,unknown,6,0,0,0,0,0,1,1
1,0,49,157,1.6269188090179045,17,unknown,0,0,0,0,0,0,10,1
1,14,60,30,0.3207940246172285,148,unknown,0,0,0,0,0,0,3,1
2,0,36,24,0.3464949386774474,49,unknown,0,0,0,0,0,0,1,1
2,16,44,3,0.048132229931673404,70,school,0,0,0,0,0,0,0,1
1,14,0,1,0.03050876544373834,21,unknown,0,0,0,0,0,0,0,1
2,0,10,42,0.78681205170219,9,unknown,0,0,0,0,0,0,0,1
1,14,16,1816,34.74941492757992,152,unknown,0,0,0,0,0,0,0,1
2,14,8,1,0.021602873182133223,57,unknown,0,0,0,0,0,0,2,1
1,0,3,5,0.1091516039979807,12,unknown,0,0,0,0,0,0,0,1
1,25,13,4,0.11703633917374918,16,unknown,0,0,0,0,0,0,0,1
1,14,2,95,2.824293049307449,11,unknown,0,0,0,0,0,0,1,1
1,18,144,37,1.1781137944123619,24,unknown,7,0,0,0,0,0,18,1
1,17,10,1,0.03633470317407182,309,school,0,1,1,0,1,0,2,1
1,14,2,0,0,2,unknown,0,0,0,0,0,0,0,1
